COORD
0.0000000000000000e+00
0.0000000000000000e+00
0.0000000000000000e+00
0.0000000000000000e+00
0.0000000000000000e+00
5.0000000000000000e+02
3.6000000000000000e+01
0.0000000000000000e+00
0.0000000000000000e+00
4.0000000000000000e+01
0.0000000000000000e+00
5.0000000000000000e+02
7.2000000000000014e+01
0.0000000000000000e+00
0.0000000000000000e+00
8.0000000000000000e+01
0.0000000000000000e+00
5.0000000000000000e+02
1.0800000000000000e+02
0.0000000000000000e+00
0.0000000000000000e+00
1.2000000000000000e+02
0.0000000000000000e+00
5.0000000000000000e+02
1.4400000000000000e+02
0.0000000000000000e+00
0.0000000000000000e+00
1.6000000000000000e+02
0.0000000000000000e+00
5.0000000000000000e+02
1.8000000000000003e+02
0.0000000000000000e+00
0.0000000000000000e+00
2.0000000000000000e+02
0.0000000000000000e+00
5.0000000000000000e+02
2.1600000000000000e+02
0.0000000000000000e+00
0.0000000000000000e+00
2.4000000000000000e+02
0.0000000000000000e+00
5.0000000000000000e+02
2.5200000000000000e+02
0.0000000000000000e+00
0.0000000000000000e+00
2.8000000000000000e+02
0.0000000000000000e+00
5.0000000000000000e+02
2.8800000000000000e+02
0.0000000000000000e+00
0.0000000000000000e+00
3.2000000000000000e+02
0.0000000000000000e+00
5.0000000000000000e+02
3.2400000000000000e+02
0.0000000000000000e+00
0.0000000000000000e+00
3.6000000000000000e+02
0.0000000000000000e+00
5.0000000000000000e+02
3.6000000000000000e+02
0.0000000000000000e+00
0.0000000000000000e+00
4.0000000000000000e+02
0.0000000000000000e+00
5.0000000000000000e+02
3.9600000000000000e+02
0.0000000000000000e+00
0.0000000000000000e+00
4.4000000000000000e+02
0.0000000000000000e+00
5.0000000000000000e+02
4.3200000000000000e+02
0.0000000000000000e+00
0.0000000000000000e+00
4.8000000000000000e+02
0.0000000000000000e+00
5.0000000000000000e+02
4.6800000000000000e+02
0.0000000000000000e+00
0.0000000000000000e+00
5.2000000000000000e+02
0.0000000000000000e+00
5.0000000000000000e+02
5.0400000000000000e+02
0.0000000000000000e+00
0.0000000000000000e+00
5.6000000000000000e+02
0.0000000000000000e+00
5.0000000000000000e+02
5.4000000000000000e+02
0.0000000000000000e+00
0.0000000000000000e+00
6.0000000000000000e+02
0.0000000000000000e+00
5.0000000000000000e+02
5.7600000000000011e+02
0.0000000000000000e+00
0.0000000000000000e+00
6.4000000000000000e+02
0.0000000000000000e+00
5.0000000000000000e+02
6.1200000000000011e+02
0.0000000000000000e+00
0.0000000000000000e+00
6.8000000000000000e+02
0.0000000000000000e+00
5.0000000000000000e+02
6.4800000000000000e+02
0.0000000000000000e+00
0.0000000000000000e+00
7.2000000000000000e+02
0.0000000000000000e+00
5.0000000000000000e+02
6.8399999999999989e+02
0.0000000000000000e+00
0.0000000000000000e+00
7.6000000000000000e+02
0.0000000000000000e+00
5.0000000000000000e+02
7.2000000000000000e+02
0.0000000000000000e+00
0.0000000000000000e+00
8.0000000000000000e+02
0.0000000000000000e+00
5.0000000000000000e+02
7.5600000000000000e+02
0.0000000000000000e+00
0.0000000000000000e+00
8.4000000000000000e+02
0.0000000000000000e+00
5.0000000000000000e+02
7.9200000000000000e+02
0.0000000000000000e+00
0.0000000000000000e+00
8.8000000000000000e+02
0.0000000000000000e+00
5.0000000000000000e+02
8.2800000000000011e+02
0.0000000000000000e+00
0.0000000000000000e+00
9.2000000000000000e+02
0.0000000000000000e+00
5.0000000000000000e+02
8.6400000000000000e+02
0.0000000000000000e+00
0.0000000000000000e+00
9.6000000000000000e+02
0.0000000000000000e+00
5.0000000000000000e+02
9.0000000000000000e+02
0.0000000000000000e+00
0.0000000000000000e+00
1.0000000000000000e+03
0.0000000000000000e+00
5.0000000000000000e+02
9.4400000000000011e+02
0.0000000000000000e+00
0.0000000000000000e+00
1.0400000000000000e+03
0.0000000000000000e+00
5.0000000000000000e+02
9.8800000000000011e+02
0.0000000000000000e+00
0.0000000000000000e+00
1.0800000000000000e+03
0.0000000000000000e+00
5.0000000000000000e+02
1.0320000000000000e+03
0.0000000000000000e+00
0.0000000000000000e+00
1.1200000000000000e+03
0.0000000000000000e+00
5.0000000000000000e+02
1.0759999999999998e+03
0.0000000000000000e+00
0.0000000000000000e+00
1.1600000000000000e+03
0.0000000000000000e+00
5.0000000000000000e+02
1.1199999999999998e+03
0.0000000000000000e+00
0.0000000000000000e+00
1.2000000000000000e+03
0.0000000000000000e+00
5.0000000000000000e+02
1.1640000000000000e+03
0.0000000000000000e+00
0.0000000000000000e+00
1.2400000000000000e+03
0.0000000000000000e+00
5.0000000000000000e+02
1.2080000000000000e+03
0.0000000000000000e+00
0.0000000000000000e+00
1.2800000000000000e+03
0.0000000000000000e+00
5.0000000000000000e+02
1.2520000000000000e+03
0.0000000000000000e+00
0.0000000000000000e+00
1.3200000000000000e+03
0.0000000000000000e+00
5.0000000000000000e+02
1.2960000000000000e+03
0.0000000000000000e+00
0.0000000000000000e+00
1.3600000000000000e+03
0.0000000000000000e+00
5.0000000000000000e+02
1.3399999999999998e+03
0.0000000000000000e+00
0.0000000000000000e+00
1.4000000000000000e+03
0.0000000000000000e+00
5.0000000000000000e+02
1.3840000000000000e+03
0.0000000000000000e+00
0.0000000000000000e+00
1.4400000000000000e+03
0.0000000000000000e+00
5.0000000000000000e+02
1.4280000000000000e+03
0.0000000000000000e+00
0.0000000000000000e+00
1.4800000000000000e+03
0.0000000000000000e+00
5.0000000000000000e+02
1.4720000000000000e+03
0.0000000000000000e+00
0.0000000000000000e+00
1.5200000000000000e+03
0.0000000000000000e+00
5.0000000000000000e+02
1.5160000000000000e+03
0.0000000000000000e+00
0.0000000000000000e+00
1.5600000000000000e+03
0.0000000000000000e+00
5.0000000000000000e+02
1.5600000000000000e+03
0.0000000000000000e+00
0.0000000000000000e+00
1.6000000000000000e+03
0.0000000000000000e+00
5.0000000000000000e+02
1.6039999999999998e+03
0.0000000000000000e+00
0.0000000000000000e+00
1.6400000000000000e+03
0.0000000000000000e+00
5.0000000000000000e+02
1.6480000000000000e+03
0.0000000000000000e+00
0.0000000000000000e+00
1.6800000000000000e+03
0.0000000000000000e+00
5.0000000000000000e+02
1.6920000000000000e+03
0.0000000000000000e+00
0.0000000000000000e+00
1.7200000000000000e+03
0.0000000000000000e+00
5.0000000000000000e+02
1.7360000000000000e+03
0.0000000000000000e+00
0.0000000000000000e+00
1.7600000000000000e+03
0.0000000000000000e+00
5.0000000000000000e+02
1.7800000000000000e+03
0.0000000000000000e+00
0.0000000000000000e+00
1.8000000000000000e+03
0.0000000000000000e+00
5.0000000000000000e+02
1.8240000000000000e+03
0.0000000000000000e+00
0.0000000000000000e+00
1.8400000000000000e+03
0.0000000000000000e+00
5.0000000000000000e+02
1.8679999999999998e+03
0.0000000000000000e+00
0.0000000000000000e+00
1.8800000000000000e+03
0.0000000000000000e+00
5.0000000000000000e+02
1.9120000000000000e+03
0.0000000000000000e+00
0.0000000000000000e+00
1.9200000000000000e+03
0.0000000000000000e+00
5.0000000000000000e+02
1.9560000000000000e+03
0.0000000000000000e+00
0.0000000000000000e+00
1.9600000000000000e+03
0.0000000000000000e+00
5.0000000000000000e+02
2.0000000000000000e+03
0.0000000000000000e+00
0.0000000000000000e+00
2.0000000000000000e+03
0.0000000000000000e+00
5.0000000000000000e+02
0.0000000000000000e+00
2.0000000000000000e+03
0.0000000000000000e+00
0.0000000000000000e+00
2.0000000000000000e+03
5.0000000000000000e+02
3.6000000000000000e+01
2.0000000000000000e+03
0.0000000000000000e+00
4.0000000000000000e+01
2.0000000000000000e+03
5.0000000000000000e+02
7.2000000000000014e+01
2.0000000000000000e+03
0.0000000000000000e+00
8.0000000000000000e+01
2.0000000000000000e+03
5.0000000000000000e+02
1.0800000000000000e+02
2.0000000000000000e+03
0.0000000000000000e+00
1.2000000000000000e+02
2.0000000000000000e+03
5.0000000000000000e+02
1.4400000000000000e+02
2.0000000000000000e+03
0.0000000000000000e+00
1.6000000000000000e+02
2.0000000000000000e+03
5.0000000000000000e+02
1.8000000000000003e+02
2.0000000000000000e+03
0.0000000000000000e+00
2.0000000000000000e+02
2.0000000000000000e+03
5.0000000000000000e+02
2.1600000000000000e+02
2.0000000000000000e+03
0.0000000000000000e+00
2.4000000000000000e+02
2.0000000000000000e+03
5.0000000000000000e+02
2.5200000000000000e+02
2.0000000000000000e+03
0.0000000000000000e+00
2.8000000000000000e+02
2.0000000000000000e+03
5.0000000000000000e+02
2.8800000000000000e+02
2.0000000000000000e+03
0.0000000000000000e+00
3.2000000000000000e+02
2.0000000000000000e+03
5.0000000000000000e+02
3.2400000000000000e+02
2.0000000000000000e+03
0.0000000000000000e+00
3.6000000000000000e+02
2.0000000000000000e+03
5.0000000000000000e+02
3.6000000000000000e+02
2.0000000000000000e+03
0.0000000000000000e+00
4.0000000000000000e+02
2.0000000000000000e+03
5.0000000000000000e+02
3.9600000000000000e+02
2.0000000000000000e+03
0.0000000000000000e+00
4.4000000000000000e+02
2.0000000000000000e+03
5.0000000000000000e+02
4.3200000000000000e+02
2.0000000000000000e+03
0.0000000000000000e+00
4.8000000000000000e+02
2.0000000000000000e+03
5.0000000000000000e+02
4.6800000000000000e+02
2.0000000000000000e+03
0.0000000000000000e+00
5.2000000000000000e+02
2.0000000000000000e+03
5.0000000000000000e+02
5.0400000000000000e+02
2.0000000000000000e+03
0.0000000000000000e+00
5.6000000000000000e+02
2.0000000000000000e+03
5.0000000000000000e+02
5.4000000000000000e+02
2.0000000000000000e+03
0.0000000000000000e+00
6.0000000000000000e+02
2.0000000000000000e+03
5.0000000000000000e+02
5.7600000000000011e+02
2.0000000000000000e+03
0.0000000000000000e+00
6.4000000000000000e+02
2.0000000000000000e+03
5.0000000000000000e+02
6.1200000000000011e+02
2.0000000000000000e+03
0.0000000000000000e+00
6.8000000000000000e+02
2.0000000000000000e+03
5.0000000000000000e+02
6.4800000000000000e+02
2.0000000000000000e+03
0.0000000000000000e+00
7.2000000000000000e+02
2.0000000000000000e+03
5.0000000000000000e+02
6.8399999999999989e+02
2.0000000000000000e+03
0.0000000000000000e+00
7.6000000000000000e+02
2.0000000000000000e+03
5.0000000000000000e+02
7.2000000000000000e+02
2.0000000000000000e+03
0.0000000000000000e+00
8.0000000000000000e+02
2.0000000000000000e+03
5.0000000000000000e+02
7.5600000000000000e+02
2.0000000000000000e+03
0.0000000000000000e+00
8.4000000000000000e+02
2.0000000000000000e+03
5.0000000000000000e+02
7.9200000000000000e+02
2.0000000000000000e+03
0.0000000000000000e+00
8.8000000000000000e+02
2.0000000000000000e+03
5.0000000000000000e+02
8.2800000000000011e+02
2.0000000000000000e+03
0.0000000000000000e+00
9.2000000000000000e+02
2.0000000000000000e+03
5.0000000000000000e+02
8.6400000000000000e+02
2.0000000000000000e+03
0.0000000000000000e+00
9.6000000000000000e+02
2.0000000000000000e+03
5.0000000000000000e+02
9.0000000000000000e+02
2.0000000000000000e+03
0.0000000000000000e+00
1.0000000000000000e+03
2.0000000000000000e+03
5.0000000000000000e+02
9.4400000000000011e+02
2.0000000000000000e+03
0.0000000000000000e+00
1.0400000000000000e+03
2.0000000000000000e+03
5.0000000000000000e+02
9.8800000000000011e+02
2.0000000000000000e+03
0.0000000000000000e+00
1.0800000000000000e+03
2.0000000000000000e+03
5.0000000000000000e+02
1.0320000000000000e+03
2.0000000000000000e+03
0.0000000000000000e+00
1.1200000000000000e+03
2.0000000000000000e+03
5.0000000000000000e+02
1.0759999999999998e+03
2.0000000000000000e+03
0.0000000000000000e+00
1.1600000000000000e+03
2.0000000000000000e+03
5.0000000000000000e+02
1.1199999999999998e+03
2.0000000000000000e+03
0.0000000000000000e+00
1.2000000000000000e+03
2.0000000000000000e+03
5.0000000000000000e+02
1.1640000000000000e+03
2.0000000000000000e+03
0.0000000000000000e+00
1.2400000000000000e+03
2.0000000000000000e+03
5.0000000000000000e+02
1.2080000000000000e+03
2.0000000000000000e+03
0.0000000000000000e+00
1.2800000000000000e+03
2.0000000000000000e+03
5.0000000000000000e+02
1.2520000000000000e+03
2.0000000000000000e+03
0.0000000000000000e+00
1.3200000000000000e+03
2.0000000000000000e+03
5.0000000000000000e+02
1.2960000000000000e+03
2.0000000000000000e+03
0.0000000000000000e+00
1.3600000000000000e+03
2.0000000000000000e+03
5.0000000000000000e+02
1.3399999999999998e+03
2.0000000000000000e+03
0.0000000000000000e+00
1.4000000000000000e+03
2.0000000000000000e+03
5.0000000000000000e+02
1.3840000000000000e+03
2.0000000000000000e+03
0.0000000000000000e+00
1.4400000000000000e+03
2.0000000000000000e+03
5.0000000000000000e+02
1.4280000000000000e+03
2.0000000000000000e+03
0.0000000000000000e+00
1.4800000000000000e+03
2.0000000000000000e+03
5.0000000000000000e+02
1.4720000000000000e+03
2.0000000000000000e+03
0.0000000000000000e+00
1.5200000000000000e+03
2.0000000000000000e+03
5.0000000000000000e+02
1.5160000000000000e+03
2.0000000000000000e+03
0.0000000000000000e+00
1.5600000000000000e+03
2.0000000000000000e+03
5.0000000000000000e+02
1.5600000000000000e+03
2.0000000000000000e+03
0.0000000000000000e+00
1.6000000000000000e+03
2.0000000000000000e+03
5.0000000000000000e+02
1.6039999999999998e+03
2.0000000000000000e+03
0.0000000000000000e+00
1.6400000000000000e+03
2.0000000000000000e+03
5.0000000000000000e+02
1.6480000000000000e+03
2.0000000000000000e+03
0.0000000000000000e+00
1.6800000000000000e+03
2.0000000000000000e+03
5.0000000000000000e+02
1.6920000000000000e+03
2.0000000000000000e+03
0.0000000000000000e+00
1.7200000000000000e+03
2.0000000000000000e+03
5.0000000000000000e+02
1.7360000000000000e+03
2.0000000000000000e+03
0.0000000000000000e+00
1.7600000000000000e+03
2.0000000000000000e+03
5.0000000000000000e+02
1.7800000000000000e+03
2.0000000000000000e+03
0.0000000000000000e+00
1.8000000000000000e+03
2.0000000000000000e+03
5.0000000000000000e+02
1.8240000000000000e+03
2.0000000000000000e+03
0.0000000000000000e+00
1.8400000000000000e+03
2.0000000000000000e+03
5.0000000000000000e+02
1.8679999999999998e+03
2.0000000000000000e+03
0.0000000000000000e+00
1.8800000000000000e+03
2.0000000000000000e+03
5.0000000000000000e+02
1.9120000000000000e+03
2.0000000000000000e+03
0.0000000000000000e+00
1.9200000000000000e+03
2.0000000000000000e+03
5.0000000000000000e+02
1.9560000000000000e+03
2.0000000000000000e+03
0.0000000000000000e+00
1.9600000000000000e+03
2.0000000000000000e+03
5.0000000000000000e+02
2.0000000000000000e+03
2.0000000000000000e+03
0.0000000000000000e+00
2.0000000000000000e+03
2.0000000000000000e+03
5.0000000000000000e+02
/
