PRESSURE
2.7140353499382957e+02
2.7140353499382957e+02
2.7140353499382957e+02
2.7140353499382957e+02
2.7140353499382957e+02
2.7140353499382957e+02
2.7140353499382957e+02
2.7140353499382957e+02
2.7140353499382957e+02
2.7140353499382957e+02
2.7140353499382957e+02
2.7140353499382957e+02
2.7140353499382957e+02
2.7140353499382957e+02
2.7140353499382957e+02
2.7140353499382957e+02
2.7140353499382957e+02
2.7140353499382957e+02
2.7140353499382957e+02
2.7140353499382957e+02
2.7140353499382957e+02
2.7140353499382957e+02
2.7140353499382957e+02
2.7140353499382957e+02
2.7140353499382957e+02
2.7140347590888740e+02
2.7140347590888740e+02
2.7140347590888740e+02
2.7140347590888740e+02
2.7140347590888740e+02
2.7140347590888740e+02
2.7140347590888740e+02
2.7140347590888740e+02
2.7140347590888740e+02
2.7140347590888740e+02
2.7140347590888740e+02
2.7140347590888740e+02
2.7140347590888740e+02
2.7140347590888740e+02
2.7140347590888740e+02
2.7140347590888740e+02
2.7140347590888740e+02
2.7140347590888740e+02
2.7140347590888740e+02
2.7140347590888740e+02
2.7140347590888740e+02
2.7140347590888740e+02
2.7140347590888740e+02
2.7140347590888740e+02
2.7140347590888740e+02
/
