RS
1.2206848206912188e+02
1.2206848206912188e+02
1.2206848206912188e+02
1.2206848206912188e+02
1.2206848206912188e+02
1.2206848206912188e+02
1.2206848206912188e+02
1.2206848206912188e+02
1.2206848206912188e+02
1.2206848206912188e+02
1.2206848206912188e+02
1.2206848206912188e+02
1.2206848206912188e+02
1.2206848206912188e+02
1.2206848206912188e+02
1.2206848206912188e+02
1.2206848206912188e+02
1.2206848206912188e+02
1.2206848206912188e+02
1.2206848206912188e+02
1.2206848206912188e+02
1.2206848206912188e+02
1.2206848206912188e+02
1.2206848206912188e+02
1.2206848206912188e+02
1.2206844744276013e+02
1.2206844744276013e+02
1.2206844744276013e+02
1.2206844744276013e+02
1.2206844744276013e+02
1.2206844744276013e+02
1.2206844744276013e+02
1.2206844744276013e+02
1.2206844744276013e+02
1.2206844744276013e+02
1.2206844744276013e+02
1.2206844744276013e+02
1.2206844744276013e+02
1.2206844744276013e+02
1.2206844744276013e+02
1.2206844744276013e+02
1.2206844744276013e+02
1.2206844744276013e+02
1.2206844744276013e+02
1.2206844744276013e+02
1.2206844744276013e+02
1.2206844744276013e+02
1.2206844744276013e+02
1.2206844744276013e+02
1.2206844744276013e+02
/
