RV
5.9503740007828042e-05
5.9503740007828042e-05
5.9503740007828042e-05
5.9503740007828042e-05
5.9503740007828042e-05
5.9503740007828042e-05
5.9503740007828042e-05
5.9503740007828042e-05
5.9503740007828042e-05
5.9503740007828042e-05
5.9503740007828042e-05
5.9503740007828042e-05
5.9503740007828042e-05
5.9503740007828042e-05
5.9503740007828042e-05
5.9503740007828042e-05
5.9503740007828042e-05
5.9503740007828042e-05
5.9503740007828042e-05
5.9503740007828042e-05
5.9503740007828042e-05
5.9503740007828042e-05
5.9503740007828042e-05
5.9503740007828042e-05
5.9503740007828042e-05
5.9503701712679231e-05
5.9503701712679231e-05
5.9503701712679231e-05
5.9503701712679231e-05
5.9503701712679231e-05
5.9503701712679231e-05
5.9503701712679231e-05
5.9503701712679231e-05
5.9503701712679231e-05
5.9503701712679231e-05
5.9503701712679231e-05
5.9503701712679231e-05
5.9503701712679231e-05
5.9503701712679231e-05
5.9503701712679231e-05
5.9503701712679231e-05
5.9503701712679231e-05
5.9503701712679231e-05
5.9503701712679231e-05
5.9503701712679231e-05
5.9503701712679231e-05
5.9503701712679231e-05
5.9503701712679231e-05
5.9503701712679231e-05
5.9503701712679231e-05
/
