SWAT
1.2235905381941081e-01
1.2235905381941081e-01
1.2235905381941081e-01
1.2235905381941081e-01
1.2235905381941081e-01
1.2235905381941081e-01
1.2235905381941081e-01
1.2235905381941081e-01
1.2235905381941081e-01
1.2235905381941081e-01
1.2235905381941081e-01
1.2235905381941081e-01
1.2235905381941081e-01
1.2235905381941081e-01
1.2235905381941081e-01
1.2235905381941081e-01
1.2235905381941081e-01
1.2235905381941081e-01
1.2235905381941081e-01
1.2235905381941081e-01
1.2235905381941081e-01
1.2235905381941081e-01
1.2235905381941081e-01
1.2235905381941081e-01
1.2235905381941081e-01
1.2235544246874472e-01
1.2235544246874472e-01
1.2235544246874472e-01
1.2235544246874472e-01
1.2235544246874472e-01
1.2235544246874472e-01
1.2235544246874472e-01
1.2235544246874472e-01
1.2235544246874472e-01
1.2235544246874472e-01
1.2235544246874472e-01
1.2235544246874472e-01
1.2235544246874472e-01
1.2235544246874472e-01
1.2235544246874472e-01
1.2235544246874472e-01
1.2235544246874472e-01
1.2235544246874472e-01
1.2235544246874472e-01
1.2235544246874472e-01
1.2235544246874472e-01
1.2235544246874472e-01
1.2235544246874472e-01
1.2235544246874472e-01
1.2235544246874472e-01
/
